1
10
1001
1002
1003
1005
1008
1009
101
1011
1013
1015
1017
1018
1019
102
1020
103
1031
1032
1036
1037
1039
104
1040
1041
1042
1043
1044
1045
1046
1047
1048
1049
105
1050
1051
1052
1053
1056
1057
1058
1059
1060
1061
1062
1063
1066
1067
1068
1069
1070
1071
1073
1074
1075
1076
1077
1079
108
1080
1081
1082
1083
1084
1086
1088
109
1090
1091
1092
1093
1094
1095
1096
1098
11
110
1100
1101
1102
1103
1104
1106
1107
1108
1109
1110
1111
1112
1113
1118
1119
112
1120
1121
1122
1124
1125
1127
113
1130
1132
1133
1134
1136
1137
1138
1139
1140
1142
1145
1146
1147
1148
1149
1150
1155
1158
1159
116
1160
1161
1162
1164
1165
1166
1168
1169
117
1170
1172
1173
1174
1175
1176
1177
1178
1179
118
1181
1182
1183
1184
1185
1187
1188
1189
119
1190
1191
1192
1193
1194
1195
1196
1197
1198
1199
12
1200
1201
1202
1203
1204
1205
1207
1208
1209
121
1210
1211
1212
1213
1215
1216
1217
1218
1219
122
1220
1221
1223
1224
1226
1227
1228
1229
123
1230
1231
1232
1233
1234
1235
1236
1237
1238
1240
1241
1243
1246
1247
1248
1249
125
1250
1251
1253
1255
1257
1259
1261
1264
1265
1266
1267
1269
127
1270
1271
1272
1274
128
1280
1282
1283
1284
1285
1286
129
1290
1294
1298
13
1303
1304
1305
1308
1310
1311
1312
1313
1320
1321
1322
1323
1326
1328
1329
1330
1332
1334
1335
1336
1339
1341
1342
1343
1344
1346
1349
1350
1352
1353
1355
1356
1357
1359
1360
1361
1362
1364
1365
1366
1367
1370
1371
1372
1373
1374
1375
1376
1377
1378
1379
1380
1381
1382
1384
1389
139
1390
1391
1394
1395
1397
1398
14
140
1401
1403
1409
141
1410
1411
1412
1413
1418
1419
142
1420
1421
1422
1423
1425
1426
1429
143
1431
1433
1434
1435
1436
1437
144
1441
1442
1443
1445
1447
1448
1449
145
1450
1451
1452
1454
1455
1456
1457
1458
1459
146
1460
1461
1462
1463
1464
1465
1466
1467
1468
1469
1470
1472
1473
1474
1475
1476
1479
148
1480
1485
1487
1488
1489
1490
1491
1492
1494
1495
1496
1498
1500
1501
1503
1505
1507
1508
1509
151
1510
1512
1514
1517
1518
1520
1521
1522
1526
153
1530
1532
1533
1535
1537
1538
154
1541
1542
1545
1546
1547
1549
155
1551
1556
1557
156
1560
1561
1563
1564
1566
1567
157
1571
1572
1573
1574
1575
1576
1577
1579
158
1581
1582
1583
1586
1587
159
1591
1593
1595
1596
1597
1598
1599
16
1600
1601
1602
1604
1605
1606
1608
1609
161
1611
1613
1614
1616
1617
1618
1619
162
1621
1622
1623
1624
1626
1627
1628
1629
163
1630
1631
1632
1634
1637
1638
1639
164
1640
1641
1643
1644
1645
1647
1649
165
1651
1652
1653
1654
1655
1656
1657
1658
1659
1660
1664
1666
1667
1668
1669
167
1670
1671
1672
1673
1674
1675
1676
168
1682
1683
1684
1685
1689
1690
1691
1692
1693
1694
1696
1697
1698
1699
170
1700
1701
1702
1703
1704
1706
1707
1708
1710
1711
1713
1714
1715
1716
1717
1718
1719
172
1720
1722
1724
1725
1728
1729
1730
1731
1732
1733
1736
1737
1738
1739
174
1740
1741
1744
1745
1746
1747
1749
175
1750
1752
1753
1754
1756
1757
1758
1759
176
1760
1761
1762
1763
1765
1766
1767
1768
1769
1770
1771
1772
1774
1776
1777
1778
178
1781
1782
1783
1784
1785
1786
1787
1789
179
1790
1791
1792
1793
1794
1795
1796
1797
1799
18
1800
1801
1802
1804
1805
1806
1807
1808
1809
181
1811
1812
1813
1814
1815
182
1820
1823
1824
1828
1829
183
1830
1832
1833
1839
184
1840
1841
1842
1843
1846
1847
1848
1850
1851
1852
1854
1857
1858
1859
1860
1861
1862
1863
1865
1866
187
1872
1873
1874
1875
1878
1879
188
1880
1881
1882
1883
1885
1888
1889
189
1890
1891
1892
1893
1894
1895
1896
1897
1898
19
190
1901
1902
1903
1904
1905
1906
1907
1908
1909
191
1910
1912
1913
1915
1918
1919
192
1920
1922
1923
1924
1925
1926
1927
1928
1929
193
1930
1931
1932
1933
1934
1935
1936
1937
1938
1939
1940
1944
1945
1946
1948
1949
195
1950
1951
1952
1953
1954
1956
1957
1959
196
1960
1961
1962
1963
1965
1966
1969
197
1971
1972
1973
1974
1976
1977
1979
198
1981
1982
1983
1984
1986
1987
1988
1989
199
1990
1992
1993
1994
1995
1996
1997
1998
200
2000
2001
2002
2003
2004
2005
2006
2007
2008
2011
2012
2013
2014
2017
202
2021
2022
2023
2024
2025
2027
2028
2029
203
2030
2031
2032
2033
2034
2036
2037
2038
204
2043
2045
2046
2047
2048
205
2050
2052
2053
2054
2055
2056
2059
206
2061
2062
2063
2066
2067
2068
2069
207
2071
2072
2073
2074
2075
2076
2077
2078
208
2089
209
2090
2091
2093
2094
2095
2096
2097
2098
21
210
2100
2101
2102
2104
2106
211
2110
2112
2113
2114
2117
2118
2119
212
2120
2121
2122
2127
2128
2129
213
2131
2132
2133
2134
2136
2137
2139
214
2141
2142
2144
2145
2146
2148
2149
215
2150
2151
2152
2154
2155
2156
2157
2158
2159
2160
2161
2162
2163
2164
2166
2167
217
2171
2172
2173
2174
2176
2177
2178
2179
2181
2182
2183
2184
2185
219
2194
2197
2198
2199
220
2200
2201
2202
2203
2204
2206
2207
2210
2211
2213
2214
2216
2217
2218
2219
222
2220
2221
2222
2223
2224
2225
2226
2227
2228
2229
2231
2232
2233
2234
2235
2236
2237
2238
2239
2240
2241
2243
2244
2245
2247
2248
2249
225
2250
2251
2252
2253
2254
2255
2256
2258
2260
2261
2264
2265
227
2272
2273
2274
2275
2276
2277
2278
2279
228
2280
2282
2283
2284
2285
2286
2287
2288
229
2291
2292
2294
2296
2297
2298
2299
230
2300
2301
2302
2303
2304
2305
2306
2307
2308
2309
231
2310
2311
2315
2316
2318
232
2320
2321
2324
2326
2327
2329
233
2330
2331
2332
2333
2334
2335
2336
2338
2339
234
2340
2341
2342
2343
2344
2346
2349
2351
2352
2353
2354
2356
2357
2358
2359
236
2361
2362
2363
2364
2365
2366
2367
2368
237
2370
2371
2376
2377
2378
2379
2380
2381
2383
2384
2385
2387
2389
239
2390
2391
2392
2393
2394
2397
2400
2401
2402
2403
2404
2405
2406
2409
241
2410
2411
2412
2413
2415
2416
2417
2418
2419
2423
2425
2426
2427
2428
243
2431
2432
2433
2434
245
246
247
248
25
250
2500
2501
2502
2504
2505
2506
2507
2508
251
2511
2512
2513
2515
2517
2519
252
2521
2522
2523
2524
2525
2526
2527
2528
2529
253
2530
2534
2535
2536
2539
254
2542
2543
2544
2545
2546
2548
2549
255
2550
2552
2555
2556
2557
2558
2561
2562
2563
2565
2566
2567
2569
2570
2571
2572
2573
2574
2575
2576
2577
2578
2579
258
2580
2581
2582
2583
2584
2585
2586
2588
2589
259
2591
2592
2593
2594
2596
2598
2599
26
260
2600
2601
2603
2605
2606
2607
2608
261
2611
2614
2617
2618
2619
2620
2623
2627
2629
263
2630
2636
2638
264
2641
2642
2644
2645
2650
2651
2654
2656
266
267
2674
269
270
272
273
274
276
28
280
282
286
287
288
29
292
294
296
297
298
299
30
300
301
306
308
310
312
313
315
316
318
319
32
320
321
322
327
329
33
330
333
335
339
34
340
341
343
344
345
347
349
35.txt
351
353
354
356
358
359
36
360
361
362
363
365
366
37
371
372
375
377
386
388
39
390
391
392
393
394
396
399
4
400
402
403
404
405
406
408
409
41
410
411
412
413
416
418
419
42
421
422
423
424
426
427
428
429
43
430
431
432
434
435
436
439
44
440
441
442
443
447
45
451
455
457
46
462
463
464
467
468
469
47
470
471
473
474
475
476
477
48
480
481
483
484
485
487
488
489
490
494
495
498
5
50
501
504
506
507
509
51
510
511
512
515
516
517
518
519
521
525
526
527
53
53.txt
532
533
534
535
537
538
54
540
544
545
547
548
549
55
551
552
553
555
556
558
560
561
562
563
565
566
57
570
571
572
573
575
578
58
580
582
584
586
587
588
589
59
590
591
592
594
599
6
60
601
602
603
604
605
606
607
608
61
610
613
615
618
619
62
621
622
623
625
627
628
629
63
634
635
639
64
640
641
642
643
644
645
646
65
653
655
658
659
66
661
664
665
666
667
669
67
670
673
674
675
677
679
682
683
684
689
69
694
695
698
7
700
701
702
705
706
708
709
71
712
713
715
716
717
718
719
72
723
724
726
728
729
734
736
738
74
741
743
744
748
750
751
752
755
757
759
76
760
761
762
763
765
767
768
77
771
773
776
777
779
78
783
785
786
787
788
79
790
792
796
797
799
8
801
802
804
805
807
809
81
811
814
815
818
819
82
820
823
824
826
828
83
830
831
833
837
838
84
842
843
844
845
846
849
85
850
851
852
853
854
856
859
86
860
861
862
866
869
871
872
873
874
877
878
879
881
883
884
885
886
887
888
889
89
891
893
894
896
898
899
90
900
901
909
91
910
911
912
914
915
917
918
919
92
920
922
924
925
926
928
929
93
930
932
934
936
937
938
940
944
945
946
948
949
950
951
952
954
955
957
959
96
960
961
963
966
967
968
970
972
973
974
976
978
98
980
981
983
984
987
988
99
991
992
993
994
998
